50
.135
45
.135
57
.135
45
.135
55
.135
45
.135
53
.135
45
.135
52
.135
45
.135
53
.135
45
.135
52
.135
45
.135
50
.135
45
.135
52
.135
45
.135
53
.135
45
.135
55
.135
45
.135
53
.135
45
.135
52
.135
45
.135
48
.135
45
.135
52
.135
45
.135
50
.135
45
.135
50
.135
45
.135
57
.135
45
.135
55
.135
45
.135
53
.135
45
.135
52
.135
45
.135
53
.135
45
.135
52
.135
45
.135
50
.135
45
.135
52
.135
45
.135
53
.135
45
.135
55
.135
45
.135
53
.135
45
.135
52
.135
45
.135
48
.135
45
.135
52
.135
45
.135
50
.135
45
.135